$coord
    1.11597390400000      2.71688740200000     -0.96758587014286      c
   -0.65081596200000      3.77445932500000     -1.05036531714286      h
    1.32969813400000      1.71116389200000     -2.74902867214286      h
    2.65655034100000      4.07413963100000     -0.83322824214286      h
    1.11597390400000      0.91376944400000      1.27837803585714      c
    2.87383481500000     -0.16962558400000      1.29665735485714      h
    1.08755620500000      2.00941934500000      3.02517271085714      h
   -1.11597390400000     -0.91376944400000      1.27837803585714      c
   -2.87383481500000      0.16962558400000      1.29665735485714      h
   -1.08755620500000     -2.00941934500000      3.02517271085714      h
   -1.11597390400000     -2.71688740200000     -0.96758587014286      c
    0.65081596200000     -3.77445932500000     -1.05036531714286      h
   -2.65655034100000     -4.07413963100000     -0.83322824214286      h
   -1.32969813400000     -1.71116389200000     -2.74902867214286      h
$end
