$coord
    1.32850571700000      3.43107154600000      0.00000000000000      c
    0.35661964000000      4.16133347800000      1.66232392400000      h
    0.35661964000000      4.16133347800000     -1.66232392400000      h
    3.23962529600000      4.19316402300000      0.00000000000000      h
    1.32850571700000      0.55306232600000      0.00000000000000      c
    2.34971931200000     -0.14540307700000     -1.65242553900000      h
    2.34971931200000     -0.14540307700000      1.65242553900000      h
   -1.32850571700000     -0.55306232600000      0.00000000000000      c
   -2.34971931200000      0.14540307700000     -1.65242553900000      h
   -2.34971931200000      0.14540307700000      1.65242553900000      h
   -1.32850571700000     -3.43107154600000      0.00000000000000      c
   -0.35661964000000     -4.16133347800000      1.66232392400000      h
   -3.23962529600000     -4.19316402300000      0.00000000000000      h
   -0.35661964000000     -4.16133347800000     -1.66232392400000      h
$end
