$coord
   -3.73519885045000      2.00704773930000     -0.08910001320000      c
   -3.63631515845000     -0.86695526170000     -0.24174641020000      c
   -0.98660562545000     -1.94155361570000     -0.64384797520000      c
    0.87824212255000     -1.28318441870000      1.48037222380000      c
    2.58687567155000      0.97835649830000      0.91216185380000      c
    4.60542239355000      0.36723612130000     -1.05003512820000      c
   -2.93664411045000      2.86217520530000     -1.78531428320000      h
   -2.67966405245000      2.71409627730000      1.52964493880000      h
   -5.67503470445000      2.66883922930000      0.09769562080000      h
   -4.85653201745000     -1.50527068670000     -1.77778750420000      h
   -4.41749008845000     -1.66832569370000      1.49362109280000      h
   -0.25087293545000     -1.26800991870000     -2.45248015420000      h
   -1.14439963445000     -3.98955171670000     -0.82036728020000      h
    2.09162195355000     -2.90650061870000      1.87274358980000      h
   -0.18769183745000     -0.93508744270000      3.21510288780000      h
    3.50833818955000      1.58684448830000      2.65452134280000      h
    1.45042847555000      2.56991585330000      0.26291247480000      h
    5.78941887355000      2.00325316930000     -1.44537336420000      h
    3.76986870855000     -0.24121596370000     -2.83005685620000      h
    5.82623262655000     -1.15210924470000     -0.38266705620000      h
$end
