$coord
   -0.92308201300000     -0.14922221300000      5.12079082700000      c
    1.35143943200000      0.37496132100000      3.43239057500000      c
    1.05445765400000     -0.63775228600000      0.74602413700000      c
   -1.05445765400000      0.63775228600000     -0.74602413700000      c
   -1.35143943200000     -0.37496132100000     -3.43239057500000      c
    0.92308201300000      0.14922221300000     -5.12079082700000      c
   -1.33794867800000     -2.16716800100000      5.17310222200000      h
   -2.60880830400000      0.82155270500000      4.45325079000000      h
   -0.57404773300000      0.47182300600000      7.05133867900000      h
    3.02923076300000     -0.47003532500000      4.28349103500000      h
    1.70154329700000      2.40837451700000      3.35103409100000      h
    0.69121452400000     -2.67280576400000      0.82310983900000      h
    2.84240489200000     -0.39924241000000     -0.25265636500000      h
   -0.69121452400000      2.67280576400000     -0.82310983900000      h
   -2.84240489200000      0.39924241000000      0.25265636500000      h
   -3.02923076300000      0.47003532500000     -4.28349103500000      h
   -1.70154329700000     -2.40837451700000     -3.35103409100000      h
    0.57404773300000     -0.47182300600000     -7.05133867900000      h
    2.60880830400000     -0.82155270500000     -4.45325079000000      h
    1.33794867800000      2.16716800100000     -5.17310222200000      h
$end
