$coord
   -3.45128424415000      2.33409382870000      0.04249549715000      c
   -3.84352710915000     -0.48338935730000     -0.40455320185000      c
   -1.69884495715000     -2.15658109530000      0.56370460115000      c
    0.88348828585000     -1.59050989530000     -0.62688702285000      c
    2.54975228785000      0.16864547770000      0.93620927815000      c
    5.04208544085000      0.75690206070000     -0.37659848485000      c
   -1.81521995315000      3.04032600570000     -0.98680612485000      h
   -3.15832569315000      2.73025787470000      2.04304257815000      h
   -5.08893590515000      3.41295918370000     -0.58206272285000      h
   -4.08088614215000     -0.82291642630000     -2.42741794685000      h
   -5.60499172715000     -1.07233191030000      0.49317813815000      h
   -2.21031063515000     -4.12078874530000      0.20107563215000      h
   -1.55533349615000     -1.96815651630000      2.61712621615000      h
    0.60863141985000     -0.78112891530000     -2.51042416085000      h
    1.92032991385000     -3.35209734530000     -0.91308980385000      h
    2.91649141085000     -0.72283842730000      2.76164679115000      h
    1.54465805585000      1.92048005270000      1.34121913215000      h
    6.23988070085000      1.97417094770000      0.77127399415000      h
    4.71393263285000      1.70667267470000     -2.17479370685000      h
    6.08840971385000     -0.97376947230000     -0.76833868285000      h
$end
