$coord
   -1.43731047100000      4.14182016800000     -0.92272258750000      c
   -2.49595008800000      1.48766222000000     -0.56218554550000      c
   -1.43731047100000      0.14793342000000      1.76493075350000      c
    1.43731047100000     -0.14793342000000      1.76493075350000      c
    2.49595008800000     -1.48766222000000     -0.56218554550000      c
    1.43731047100000     -4.14182016800000     -0.92272258750000      c
    0.58636496700000      4.10623284800000     -1.29477939950000      h
   -1.74311159900000      5.28396677700000      0.76525436650000      h
   -2.34379313100000      5.09744515200000     -2.50370514550000      h
   -2.12379879000000      0.36015720700000     -2.24951243350000      h
   -4.54806968200000      1.59216406700000     -0.38546781950000      h
   -2.32092933600000     -1.70797025500000      1.93818083250000      h
   -1.99090947900000      1.20634816000000      3.45000697850000      h
    1.99090947900000     -1.20634816000000      3.45000697850000      h
    2.32092933600000      1.70797025500000      1.93818083250000      h
    4.54806968200000     -1.59216406700000     -0.38546781950000      h
    2.12379879000000     -0.36015720700000     -2.24951243350000      h
    2.34379313100000     -5.09744515200000     -2.50370514550000      h
   -0.58636496700000     -4.10623284800000     -1.29477939950000      h
    1.74311159900000     -5.28396677700000      0.76525436650000      h
$end
