$coord
    4.80993808235000      1.61395874905000     -0.40767370560000      c
    3.89405403535000     -0.89249254595000      0.67723121340000      c
    1.31341398735000     -1.70090031795000     -0.32682177960000      c
   -0.83192767865000      0.08400635205000      0.38285725740000      c
   -3.40792655965000     -0.86709651895000     -0.48139947560000      c
   -5.54088485165000      0.93407313205000      0.21836416840000      c
    3.58823400935000      3.17287119705000      0.14721409540000      h
    4.84505675035000      1.54441683305000     -2.46705173660000      h
    6.71261058635000      2.05492441905000      0.24010546640000      h
    3.80733262035000     -0.76583555195000      2.73630310840000      h
    5.27409447035000     -2.36196237395000      0.24182889640000      h
    0.86750101435000     -3.58619112095000      0.38881934240000      h
    1.40620520235000     -1.86568442395000     -2.38569147460000      h
   -0.50289614865000      1.95049816105000     -0.43467411060000      h
   -0.85351212865000      0.34001320105000      2.43519416940000      h
   -3.75922851165000     -2.72244461395000      0.35238542540000      h
   -3.37304977665000     -1.14555142295000     -2.52665180460000      h
   -7.36991662265000      0.22871023005000     -0.40711056760000      h
   -5.24840062165000      2.78249727105000     -0.64174083660000      h
   -5.63069785865000      1.20218934505000      2.25851234840000      h
$end
