$coord
    0.06383683400000      4.74919321900000      1.29089790270000      c
    1.32088256300000      3.45487453400000     -0.95477309630000      c
    1.32088256300000      0.57662720900000     -0.75746113630000      c
   -1.32088256300000     -0.57662720900000     -0.75746113630000      c
   -1.32088256300000     -3.45487453400000     -0.95477309630000      c
   -0.06383683400000     -4.74919321900000      1.29089790270000      c
    0.94558298100000      4.15692852700000      3.05705848970000      h
   -1.93854139200000      4.29265998600000      1.40493908670000      h
    0.22875511100000      6.79609338900000      1.15954682770000      h
    3.26712269800000      4.11800773000000     -1.11563791130000      h
    0.36675235100000      4.01275566200000     -2.69886735330000      h
    2.33014175000000      0.02724606900000      0.95775243870000      h
    2.38423704700000     -0.21372989900000     -2.34345524830000      h
   -2.38423704700000      0.21372989900000     -2.34345524830000      h
   -2.33014175000000     -0.02724606900000      0.95775243870000      h
   -0.36675235100000     -4.01275566200000     -2.69886735330000      h
   -3.26712269800000     -4.11800773000000     -1.11563791130000      h
   -0.22875511100000     -6.79609338900000      1.15954682770000      h
   -0.94558298100000     -4.15692852700000      3.05705848970000      h
    1.93854139200000     -4.29265998600000      1.40493908670000      h
$end
