$coord
    5.12454542985000     -0.82157169665000      0.23020027810000      c
    2.29155326185000     -0.76673184865000     -0.28008809990000      c
    1.19568415285000      1.87557373835000      0.05085205410000      c
   -1.59859130815000      2.14988636235000     -0.62052412690000      c
   -3.38423497115000      0.48166838335000      0.94038954110000      c
   -4.00167081315000     -2.04626342665000     -0.30135318590000      c
    5.53194578685000     -0.18491356165000      2.14643156610000      h
    6.12543502085000      0.42596682035000     -1.06740085990000      h
    5.90153272685000     -2.71470108365000      0.01512867410000      h
    1.34440180885000     -2.08073958765000      0.99520104410000      h
    1.91359483585000     -1.42977055865000     -2.19885161990000      h
    2.29315008085000      3.19048665635000     -1.10502341490000      h
    1.46982103285000      2.46547816235000      2.01358760810000      h
   -1.86724420415000      1.73758783635000     -2.62803862790000      h
   -2.11655575415000      4.12974283435000     -0.36627094290000      h
   -5.15286165015000      1.49076127535000      1.26078691410000      h
   -2.55971728515000      0.16768096135000      2.80803786310000      h
   -5.25666052015000     -3.17302388765000      0.87918887510000      h
   -2.31001267215000     -3.15553825265000     -0.66485520890000      h
   -4.94411495915000     -1.74157912665000     -2.10739833090000      h
$end
