$coord
    5.09063316230000     -0.86077415725000     -0.03601902730000      c
    2.51692462930000     -0.03497145825000      0.95425597270000      c
    0.90806483330000      1.18693670575000     -1.09726835730000      c
   -1.60482286870000      2.23794938875000     -0.14208178830000      c
   -3.31573353770000      0.29106674675000      1.13086220470000      c
   -3.96346168670000     -1.93708460225000     -0.57465896530000      c
    6.14453145830000      0.75036464875000     -0.76772471030000      h
    4.87908400730000     -2.21685475625000     -1.57217350630000      h
    6.22586904430000     -1.74524339925000      1.43474904170000      h
    2.76085990930000      1.30197188575000      2.50972911970000      h
    1.53078245930000     -1.66749629225000      1.73898358770000      h
    0.57431087730000     -0.18555805325000     -2.60352359030000      h
    1.98653145630000      2.72404927475000     -1.95749241530000      h
   -2.62556403170000      3.08149472575000     -1.72742016530000      h
   -1.22227051870000      3.77006363275000      1.18899206570000      h
   -5.05665494470000      1.22962750575000      1.71502564170000      h
   -2.42836545570000     -0.39584298225000      2.86087044470000      h
   -5.31664722570000     -3.19736365225000      0.32797621270000      h
   -2.29311398670000     -3.04718712825000     -1.03707491530000      h
   -4.79095758070000     -1.28514803325000     -2.34600685030000      h
$end
