$coord
    1.29041829000000      5.54377764400000     -0.56664359770000      c
    1.29041829000000      2.67097839900000     -0.75151360170000      c
   -0.05724735900000      1.44069874900000      1.47718009830000      c
    0.05724735900000     -1.44069874900000      1.47718009830000      c
   -1.29041829000000     -2.67097839900000     -0.75151360170000      c
   -1.29041829000000     -5.54377764400000     -0.56664359770000      c
    2.23890389000000      6.16647637300000      1.15224927330000      h
   -0.63606665100000      6.27086483700000     -0.51432086470000      h
    2.24870022900000      6.41039464500000     -2.16811267570000      h
    3.23393722000000      1.97607135000000     -0.82899992670000      h
    0.39365260100000      2.09985974100000     -2.51730947170000      h
   -2.03453002400000      2.04494997300000      1.49141729430000      h
    0.77947795600000      2.15339567800000      3.22605347230000      h
   -0.77947795600000     -2.15339567800000      3.22605347230000      h
    2.03453002400000     -2.04494997300000      1.49141729430000      h
   -0.39365260100000     -2.09985974100000     -2.51730947170000      h
   -3.23393722000000     -1.97607135000000     -0.82899992670000      h
   -2.24870022900000     -6.41039464500000     -2.16811267570000      h
   -2.23890389000000     -6.16647637300000      1.15224927330000      h
    0.63606665100000     -6.27086483700000     -0.51432086470000      h
$end
