$coord
    2.67430242700000      5.42216621800000      0.00000000000000      c
    2.67430242700000      2.54388865700000      0.00000000000000      c
    0.01687714300000      1.43858036600000      0.00000000000000      c
   -0.01687714300000     -1.43858036600000      0.00000000000000      c
   -2.67430242700000     -2.54388865700000      0.00000000000000      c
   -2.67430242700000     -5.42216621800000      0.00000000000000      c
    1.70248438000000      6.15269460200000      1.66232203400000      h
    1.70248438000000      6.15269460200000     -1.66232203400000      h
    4.58565444200000      6.18411507600000      0.00000000000000      h
    3.69613018300000      1.84685944600000      1.65250112800000      h
    3.69613018300000      1.84685944600000     -1.65250112800000      h
   -1.00948595500000      2.13394661900000     -1.65402613700000      h
   -1.00948595500000      2.13394661900000      1.65402613700000      h
    1.00948595500000     -2.13394661900000      1.65402613700000      h
    1.00948595500000     -2.13394661900000     -1.65402613700000      h
   -3.69613018300000     -1.84685944600000     -1.65250112800000      h
   -3.69613018300000     -1.84685944600000      1.65250112800000      h
   -4.58565444200000     -6.18411507600000      0.00000000000000      h
   -1.70248438000000     -6.15269460200000      1.66232203400000      h
   -1.70248438000000     -6.15269460200000     -1.66232203400000      h
$end
