$coord
   -0.12894923200000      3.31158039200000     -2.02957969780000      c
    1.55628761900000      2.62170001400000      0.20622126220000      c
    0.12894923200000      1.44011482400000      2.43411560820000      c
   -0.12894923200000     -1.44011482400000      2.43411560820000      c
   -1.55628761900000     -2.62170001400000      0.20622126220000      c
    0.12894923200000     -3.31158039200000     -2.02957969780000      c
   -1.53387924800000      4.70343917300000     -1.45311122580000      h
   -1.14064994600000      1.68389514600000     -2.77124801580000      h
    0.96739041900000      4.12766989900000     -3.56947394380000      h
    2.48736317300000      4.34409454800000      0.85315005720000      h
    3.06849171000000      1.35276979900000     -0.39565646580000      h
   -1.75598063300000      2.28343717200000      2.53852485920000      h
    1.08316826100000      1.96313995500000      4.18705756220000      h
   -1.08316826100000     -1.96313995500000      4.18705756220000      h
    1.75598063300000     -2.28343717200000      2.53852485920000      h
   -3.06849171000000     -1.35276979900000     -0.39565646580000      h
   -2.48736317300000     -4.34409454800000      0.85315005720000      h
   -0.96739041900000     -4.12766989900000     -3.56947394380000      h
    1.53387924800000     -4.70343917300000     -1.45311122580000      h
    1.14064994600000     -1.68389514600000     -2.77124801580000      h
$end
