$coord
    3.28789787390000      2.17568178350000     -0.18435420330000      c
    3.22561439490000     -0.70024495750000     -0.38896239530000      c
    1.11559548690000     -1.96789582850000      1.14213517670000      c
   -1.34176072810000     -2.40308460650000     -0.31635534330000      c
   -2.67375487910000     -0.03616122950000     -1.29069995330000      c
   -3.53706485910000      1.73056060650000      0.81285042270000      c
    3.52105226590000      2.74911913550000      1.78076618470000      h
    1.56057115490000      3.04169974150000     -0.88381549130000      h
    4.86141412390000      2.95998798950000     -1.25554727030000      h
    5.04669230890000     -1.42394576150000      0.25182479070000      h
    3.05435419690000     -1.25982872850000     -2.37004340930000      h
    0.75068750790000     -0.86494780550000      2.84929473870000      h
    1.77404216190000     -3.81115534650000      1.79210076170000      h
   -2.65653002610000     -3.43912688050000      0.89540499170000      h
   -0.92665217810000     -3.64280532750000     -1.91553785230000      h
   -4.31707949710000     -0.62253186650000     -2.39124802430000      h
   -1.44402513910000      0.97130649750000     -2.60410298030000      h
   -4.57462269410000      3.33992117950000      0.05835653370000      h
   -1.94772404310000      2.46459821150000      1.89299134270000      h
   -4.77870743210000      0.73885319350000      2.12494197970000      h
$end
