$coord
    0.00000000000000      3.46520755600000     -1.22837502841176      c
    1.57873567400000      1.84648150100000      0.55471939358824      c
    0.00000000000000      0.00000000000000      2.11432726058824      c
   -1.57873567400000     -1.84648150100000      0.55471939358824      c
    0.00000000000000     -3.46520755600000     -1.22837502841176      c
    1.16007255000000      4.87168714700000     -2.18227469341176      h
   -3.00190910400000     -0.81436607700000     -0.52306503841176      h
   -2.61939454900000     -3.07264343800000      1.84533610458824      h
   -1.47854051200000      4.46176400600000     -0.19492167841176      h
   -0.91236537700000      2.32583695500000     -2.67910822241176      h
   -1.25421491900000      1.07931133000000      3.35052553258824      h
    1.25421491900000     -1.07931133000000      3.35052553258824      h
    3.00190910400000      0.81436607700000     -0.52306503841176      h
    2.61939454900000      3.07264343800000      1.84533610458824      h
   -1.16007255000000     -4.87168714700000     -2.18227469341176      h
    0.91236537700000     -2.32583695500000     -2.67910822241176      h
    1.47854051200000     -4.46176400600000     -0.19492167841176      h
$end
