$coord
   -3.40445831229412      1.32546548194118      0.30491351376471      c
   -2.16447680929412     -1.01082921705882     -0.84312526123529      c
    0.07701978470588     -2.02388486405882      0.69294606876471      c
    2.65746897070588     -1.06415161505882     -0.17689102523529      c
    2.97439113670588      1.79596378994118     -0.06601513223529      c
   -4.96943678129412      1.98920905894118     -0.85631365923529      h
    2.98064990970588     -1.70763921905882     -2.11214240423529      h
    4.11760733070588     -1.95093766105882      0.97950789776471      h
   -2.07156654129412      2.87554346094118      0.51605259876471      h
   -4.15076779829412      0.88998946494118      2.17469722576471      h
    0.10185834270588     -4.08328179205882      0.59098968276471      h
   -0.19660120029412     -1.54826350905882      2.68582653176471      h
   -3.59682863929412     -2.48341520205882     -1.01121449823529      h
   -1.53844838329412     -0.60237061305882     -2.76867478723529      h
    4.89265009970588      2.34225711694118     -0.57371647523529      h
    1.69587812070588      2.74810789894118     -1.36653400723529      h
    2.59506076970588      2.50823741994118      1.82969373076471      h
$end
