$coord
    4.54683658000000     -0.26763333282353      0.20435863652941      c
    1.82022464700000     -0.63025474282353     -0.64483509047059      c
    0.06951257000000      1.38191037417647      0.44196900352941      c
   -2.65282480200000      1.20196310617647     -0.49351906147059      c
   -3.97814633100000     -1.22854577082353      0.30336705052941      c
    5.78579574100000     -1.71523714082353     -0.57243590847059      h
   -2.67069405100000      1.35818108517647     -2.55232261547059      h
   -3.71674998300000      2.81718372017647      0.22213339952941      h
    4.68788950700000     -0.35075104082353      2.25762340452941      h
    5.26247392300000      1.56789909617647     -0.39611313447059      h
    0.83039940200000      3.24218309517647     -0.03388289847059      h
    0.09049797700000      1.25489055217647      2.50573875752941      h
    1.71690198900000     -0.56914856282353     -2.70674157447059      h
    1.17295192200000     -2.50415805782353     -0.08107313547059      h
   -5.95288731400000     -1.22411058382353     -0.27500248547059      h
   -3.09085194800000     -2.88600364982353     -0.53089595147059      h
   -3.92132982900000     -1.44836814682353      2.35163160352941      h
$end
