$coord
    0.00000000000000      4.78666837500000      0.57005285282353      c
    0.00000000000000      2.40340642700000     -1.04290575917647      c
    0.00000000000000      0.00000000000000      0.53910103082353      c
    0.00000000000000     -2.40340642700000     -1.04290575917647      c
    0.00000000000000     -4.78666837500000      0.57005285282353      c
    0.00000000000000      6.48907527700000     -0.58560718717647      h
    1.65245766400000     -2.39852337500000     -2.28002432717647      h
   -1.65245766400000     -2.39852337500000     -2.28002432717647      h
    1.66225400400000      4.84741361700000      1.78460431282353      h
   -1.66225400400000      4.84741361700000      1.78460431282353      h
   -1.65376157500000      0.00000000000000      1.77974960682353      h
    1.65376157500000      0.00000000000000      1.77974960682353      h
   -1.65245766400000      2.39852337500000     -2.28002432717647      h
    1.65245766400000      2.39852337500000     -2.28002432717647      h
    0.00000000000000     -6.48907527700000     -0.58560718717647      h
    1.66225400400000     -4.84741361700000      1.78460431282353      h
   -1.66225400400000     -4.84741361700000      1.78460431282353      h
$end
