=== Interaction energies (kcal/mol), CP-corrected | (non-CP) ===
system       omega      RHF      MP2   naiveA   DeltaB     ref
H2O-H2O        0.1   -3.791   -4.036   -4.039   -4.036  -5.014   (non-CP:  -5.810  -7.360  -7.363  -7.360)
H2O-H2O        0.2   -3.791   -4.036   -4.050   -4.036  -5.014   (non-CP:  -5.810  -7.360  -7.369  -7.360)
H2O-H2O        0.3   -3.791   -4.036   -4.047   -4.036  -5.014   (non-CP:  -5.810  -7.360  -7.351  -7.360)
H2O-H2O       0.42   -3.791   -4.036   -4.005   -4.035  -5.014   (non-CP:  -5.810  -7.360  -7.270  -7.359)
H2O-H2O        0.6   -3.791   -4.036   -3.947   -4.027  -5.014   (non-CP:  -5.810  -7.360  -7.109  -7.350)
NH3-NH3        0.1   -1.277   -1.928   -1.928   -1.928  -3.157   (non-CP:  -3.186  -4.893  -4.892  -4.893)
NH3-NH3        0.2   -1.277   -1.928   -1.916   -1.928  -3.157   (non-CP:  -3.186  -4.893  -4.868  -4.893)
NH3-NH3        0.3   -1.277   -1.928   -1.857   -1.927  -3.157   (non-CP:  -3.186  -4.893  -4.779  -4.893)
NH3-NH3       0.42   -1.277   -1.928   -1.742   -1.924  -3.157   (non-CP:  -3.186  -4.893  -4.603  -4.889)
NH3-NH3        0.6   -1.277   -1.928   -1.646   -1.902  -3.157   (non-CP:  -3.186  -4.893  -4.390  -4.864)
C2H4-C2H4      0.1    0.856   -0.442   -0.427   -0.442  -1.110   (non-CP:   0.466  -1.188  -1.170  -1.188)
C2H4-C2H4      0.2    0.856   -0.442   -0.337   -0.442  -1.110   (non-CP:   0.466  -1.188  -1.063  -1.187)
C2H4-C2H4      0.3    0.856   -0.442   -0.174   -0.436  -1.110   (non-CP:   0.466  -1.188  -0.870  -1.181)
C2H4-C2H4     0.42    0.856   -0.442   -0.012   -0.409  -1.110   (non-CP:   0.466  -1.188  -0.671  -1.153)
C2H4-C2H4      0.6    0.856   -0.442    0.053   -0.330  -1.110   (non-CP:   0.466  -1.188  -0.585  -1.066)
CH4-CH4        0.1    0.487   -0.025   -0.021   -0.025  -0.538   (non-CP:   0.424  -0.293  -0.288  -0.293)
CH4-CH4        0.2    0.487   -0.025    0.013   -0.025  -0.538   (non-CP:   0.424  -0.293  -0.247  -0.293)
CH4-CH4        0.3    0.487   -0.025    0.085   -0.024  -0.538   (non-CP:   0.424  -0.293  -0.163  -0.292)
CH4-CH4       0.42    0.487   -0.025    0.154   -0.016  -0.538   (non-CP:   0.424  -0.293  -0.080  -0.284)
CH4-CH4        0.6    0.487   -0.025    0.154    0.011  -0.538   (non-CP:   0.424  -0.293  -0.074  -0.254)

=== CP MAE vs CCSD(T)/CBS (kcal/mol), 4 dimers ===
omega     MP2  naiveA  DeltaB
  0.1   0.847   0.851   0.847
  0.2   0.847   0.882   0.847
  0.3   0.847   0.956   0.849
 0.42   0.847   1.053   0.859
  0.6   0.847   1.108   0.893
