=== Interaction energies (kcal/mol), CP-corrected | (non-CP) ===
system       omega      RHF      MP2   naiveA   DeltaB     ref
H2O-H2O        0.1   -3.628   -4.750   -4.751   -4.750  -5.014   (non-CP:  -3.702  -5.650  -5.651  -5.650)
H2O-H2O        0.2   -3.628   -4.750   -4.748   -4.750  -5.014   (non-CP:  -3.702  -5.650  -5.648  -5.650)
H2O-H2O        0.3   -3.628   -4.750   -4.706   -4.749  -5.014   (non-CP:  -3.702  -5.650  -5.607  -5.649)
H2O-H2O       0.42   -3.628   -4.750   -4.592   -4.745  -5.014   (non-CP:  -3.702  -5.650  -5.494  -5.646)
H2O-H2O        0.6   -3.628   -4.750   -4.441   -4.723  -5.014   (non-CP:  -3.702  -5.650  -5.343  -5.623)
NH3-NH3        0.1   -1.467   -3.019   -3.017   -3.019  -3.157   (non-CP:  -1.495  -3.443  -3.441  -3.443)
NH3-NH3        0.2   -1.467   -3.019   -2.987   -3.019  -3.157   (non-CP:  -1.495  -3.443  -3.411  -3.442)
NH3-NH3        0.3   -1.467   -3.019   -2.880   -3.018  -3.157   (non-CP:  -1.495  -3.443  -3.304  -3.441)
NH3-NH3       0.42   -1.467   -3.019   -2.685   -3.009  -3.157   (non-CP:  -1.495  -3.443  -3.110  -3.432)
NH3-NH3        0.6   -1.467   -3.019   -2.493   -2.965  -3.157   (non-CP:  -1.495  -3.443  -2.916  -3.388)
C2H4-C2H4      0.1    0.901   -1.204   -1.189   -1.204  -1.110   (non-CP:   0.850  -1.975  -1.960  -1.975)
C2H4-C2H4      0.2    0.879   -1.288   -1.161   -1.288  -1.110   (non-CP:   0.827  -2.062  -1.934  -2.061)
C2H4-C2H4      0.3    0.905   -1.197   -0.835   -1.188  -1.110   (non-CP:   0.853  -1.970  -1.608  -1.962)
C2H4-C2H4     0.42    0.905   -1.197   -0.568   -1.150  -1.110   (non-CP:   0.853  -1.970  -1.342  -1.924)
C2H4-C2H4      0.6    0.905   -1.197   -0.412   -1.031  -1.110   (non-CP:   0.853  -1.970  -1.189  -1.804)
CH4-CH4        0.1    0.486   -0.454   -0.449   -0.454  -0.538   (non-CP:   0.466  -0.880  -0.875  -0.880)
CH4-CH4        0.2    0.486   -0.454   -0.405   -0.454  -0.538   (non-CP:   0.466  -0.880  -0.830  -0.880)
CH4-CH4        0.3    0.486   -0.454   -0.297   -0.452  -0.538   (non-CP:   0.466  -0.880  -0.722  -0.878)
CH4-CH4       0.42    0.486   -0.454   -0.165   -0.440  -0.538   (non-CP:   0.466  -0.880  -0.592  -0.866)
CH4-CH4        0.6    0.486   -0.454   -0.110   -0.395  -0.538   (non-CP:   0.466  -0.880  -0.538  -0.820)

=== CP MAE vs CCSD(T)/CBS (kcal/mol), 4 dimers ===
omega     MP2  naiveA  DeltaB
  0.1   0.145   0.142   0.145
  0.2   0.166   0.155   0.166
  0.3   0.143   0.275   0.142
 0.42   0.143   0.452   0.139
  0.6   0.143   0.591   0.176
